0.000000000000000000e+00
0.000000000000000000e+00
0.000000000000000000e+00
0.000000000000000000e+00
0.000000000000000000e+00
0.000000000000000000e+00
0.000000000000000000e+00
0.000000000000000000e+00
0.000000000000000000e+00
0.000000000000000000e+00
0.000000000000000000e+00
0.000000000000000000e+00
0.000000000000000000e+00
0.000000000000000000e+00
0.000000000000000000e+00
0.000000000000000000e+00
0.000000000000000000e+00
0.000000000000000000e+00
0.000000000000000000e+00
0.000000000000000000e+00
0.000000000000000000e+00
0.000000000000000000e+00
0.000000000000000000e+00
0.000000000000000000e+00
0.000000000000000000e+00
0.000000000000000000e+00
0.000000000000000000e+00
0.000000000000000000e+00
0.000000000000000000e+00
0.000000000000000000e+00
0.000000000000000000e+00
0.000000000000000000e+00
0.000000000000000000e+00
0.000000000000000000e+00
0.000000000000000000e+00
0.000000000000000000e+00
1.298243331450064853e+07
2.590889180763549358e+07
3.866054815672774613e+07
5.140021087563702464e+07
6.413393247156564146e+07
7.652862096587878466e+07
8.892330946019195020e+07
1.013179979545051157e+08
1.137126864488182813e+08
1.261073749431314319e+08
1.385020634374445975e+08
1.508967519317577481e+08
1.632914404260709286e+08
1.733181404081035852e+08
1.776484083186830878e+08
1.803618931356614828e+08
1.830753779526398182e+08
1.846250808039101362e+08
1.861743916227936149e+08
1.877237024416770935e+08
1.892730132605605721e+08
1.908006860640073419e+08
1.908006860640073419e+08
1.908006860640073419e+08
1.908006860640073419e+08
1.908006860640073419e+08
1.908006860640073419e+08
1.907590413872848153e+08
1.895044930045857430e+08
1.876721634993296862e+08
1.858398339940735698e+08
1.840075044888175130e+08
1.821751749835614562e+08
1.803428454783053994e+08
1.785105159730493426e+08
1.766781864677932262e+08
1.748458569625371695e+08
1.730135274572811127e+08
1.711811979520250559e+08
1.691077169104960561e+08
1.663019959338285923e+08
1.640975712995409369e+08
1.611123655849545598e+08
1.587269126756233573e+08
1.561587911428011060e+08
1.542337253760536909e+08
1.519129238857923150e+08
1.490076963420860767e+08
1.462159426407961249e+08
1.432723594048513174e+08
1.402187718833962083e+08
1.372217842497309148e+08
1.342247966160656214e+08
1.317740897409276515e+08
1.307238850500850081e+08
1.306409357171725333e+08
1.314587270845964402e+08
1.322765184520203620e+08
1.330943098194442540e+08
1.339121011868681610e+08
1.344604257803842425e+08
1.358730627118304074e+08
1.357310785951385498e+08
1.360592054638574421e+08
1.360089814371246696e+08
1.359587574103918672e+08
1.359265160612171888e+08
1.365513245891888142e+08
1.366840384214088321e+08
1.377360771804680228e+08
1.373003271100210249e+08
1.367252689216743112e+08
1.355474601056652963e+08
1.329370256218535006e+08
1.307222831974840760e+08
1.292371264132337868e+08
1.277519696289834976e+08
1.271049932262208760e+08
1.265358441842961907e+08
1.266711407377019525e+08
1.276151849596793354e+08
1.276151849596793056e+08
1.269912548586837351e+08
1.260395805633476377e+08
1.250879062680115402e+08
1.249675190961675942e+08
1.249675190961675942e+08
1.245162828781867176e+08
1.229007003406763524e+08
1.200261709784619808e+08
1.169773762483290136e+08
1.139285815181961060e+08
1.115983401110000163e+08
1.086800037419313192e+08
1.060765184317330867e+08
1.055453334895912409e+08
1.042972431644513160e+08
1.027926667508981079e+08
1.012880903373449147e+08
9.978351392379173636e+07
9.827893751023852825e+07
9.623370300618265569e+07
9.408427472882518172e+07
9.193484645146772265e+07
8.978541817411026359e+07
8.763598989675280452e+07
8.647607821718491614e+07
8.549082393792235851e+07
8.368902783364054561e+07
8.173547458527040482e+07
8.061141731965701282e+07
7.963125554269820452e+07
7.865109376573941112e+07
7.767093198878058791e+07
7.669077021182179451e+07
7.577484999999994040e+07
7.577484999999994040e+07
7.577484999999994040e+07
7.577484999999994040e+07
7.577484999999994040e+07
7.630766205878430605e+07
7.709713436233866215e+07
7.725159469644947350e+07
7.723497002267797291e+07
7.721834534890647233e+07
7.720172067513498664e+07
7.718509600136347115e+07
7.716847132759197056e+07
7.715184665382046998e+07
7.713522198004896939e+07
7.711859730627748370e+07
7.710197263250598311e+07
7.708534795873448253e+07
7.706872328496298194e+07
7.643452229918755591e+07
7.647758062779942155e+07
7.838738349668225646e+07
8.116969120281383395e+07
8.387508490906953812e+07
8.597276898881182075e+07
8.724218755534733832e+07
8.846061024000468850e+07
8.960375795445585251e+07
8.987801571480399370e+07
9.076804161297661066e+07
9.235557256702846289e+07
9.394310352108031511e+07
9.553063447513216734e+07
9.711816542918401957e+07
9.870569638323587179e+07
9.933108369222702086e+07
9.995852514155827463e+07
1.005859665908895135e+08
1.008237039621527493e+08
1.006011985710559189e+08
1.000561835739296228e+08
1.000783624873381108e+08
1.004775124145210087e+08
9.992149405961497128e+07
9.935234501769028604e+07
9.839965222254207730e+07
9.828432151925629377e+07
9.826257573172661662e+07
9.829106321334934235e+07
9.754350168809133768e+07
9.472854488126921654e+07
9.164439761873064935e+07
8.856025035619208217e+07
8.547610309365351498e+07
8.239195583111496270e+07
7.930780856857639551e+07
7.692464497990210354e+07
7.481388918877488375e+07
7.326252606938490272e+07
7.376895480121313035e+07
7.462137352799218893e+07
7.538738987679970264e+07
7.609599041867026687e+07
7.750651892637856305e+07
7.918341843735671043e+07
8.086031794833487272e+07
8.250808960613636672e+07
8.405565110835726559e+07
8.587279509868136048e+07
8.768993908900544047e+07
8.869350880570659041e+07
9.029063141667875648e+07
9.240567153807339072e+07
9.409522683630281687e+07
9.698064948670083284e+07
1.000146643934484422e+08
1.030486793001960367e+08
1.060052507447232604e+08
1.090032687988212407e+08
1.116884987187525034e+08
1.143415425482543707e+08
1.174011570121671706e+08
1.210781303604180068e+08
1.247551037086688131e+08
1.275048542918065041e+08
1.301150332591471523e+08
1.319030227293134928e+08
1.340664905436470211e+08
1.349049851183422208e+08
1.352702867729454935e+08
1.354205684120136201e+08
1.356045494814670682e+08
1.360058479887199402e+08
1.364071464959728122e+08
1.355933633245678842e+08
1.344453510129372478e+08
1.332973387013066262e+08
1.321493263896759897e+08
1.314775230437698513e+08
1.313372785644239038e+08
1.311970340850779563e+08
1.308006873705777675e+08
1.281928943809703439e+08
1.254896514712832272e+08
1.238742103733701259e+08
1.225582382464746684e+08
1.212422661195792258e+08
1.191273038573150486e+08
1.171761441780569106e+08
1.145937076736745685e+08
1.117262262314859778e+08
1.088587447892974168e+08
1.059912633471088111e+08
1.031237819049202502e+08
1.002563004627316594e+08
9.837205846099308133e+07
9.744693935426311195e+07
9.744693935426309705e+07
9.674811167089861631e+07
9.576794989393982291e+07
9.478778811698099971e+07
9.472001808477947116e+07
9.403220194015255570e+07
9.322179786354674399e+07
9.311419010772824287e+07
9.300658235190972686e+07
9.237452306926402450e+07
9.198134261359196901e+07
9.092956993346425891e+07
8.955163412879276276e+07
8.904550125375521183e+07
8.803644574465794861e+07
8.649680316779235005e+07
8.495716059092675149e+07
8.334385032523652911e+07
8.145923352377481759e+07
7.961594612942533195e+07
7.875525884671257436e+07
7.865260692832607031e+07
7.879296879741872847e+07
7.931041329521246254e+07
8.020865773815874755e+07
8.096704333091118932e+07
8.103841905415633321e+07
8.039887861601598561e+07
8.039856459541115165e+07
8.039825057480631769e+07
8.039793655420148373e+07
8.039762253359664977e+07
8.039730851299180090e+07
8.039699449238696694e+07
7.974728445722302794e+07
7.883096269429257512e+07
7.791464093136213720e+07
7.699831916843168437e+07
7.610162629999963939e+07
7.649078067145727575e+07
7.747094244841608405e+07
7.845110422537487745e+07
8.003295660554039478e+07
8.210901875688888133e+07
8.358347092871455848e+07
8.422694092943988740e+07
8.487041093016521633e+07
8.551388093089054525e+07
8.658878549892258644e+07
8.828627130673164129e+07
9.019103729498352110e+07
9.209580328323544562e+07
9.396280549956561625e+07
9.504955958148027956e+07
9.699809331152234972e+07
9.894662704156437516e+07
1.007153779743088931e+08
1.016561438720662445e+08
1.027941996609775126e+08
1.049606847104479373e+08
1.079964284723719060e+08
1.110144654964384735e+08
1.138927078891283572e+08
1.158683117032133937e+08
1.178439155172984302e+08
1.198195193313834667e+08
1.217951231454685330e+08
1.237707269595535696e+08
1.250149502136542350e+08
1.250503027460598946e+08
1.250856552784655094e+08
1.251210078108711541e+08
1.251563603432767689e+08
1.245242893412266374e+08
1.236079675782961845e+08
1.226916458153657317e+08
1.217753240524352789e+08
1.208590022895048410e+08
1.197210681375971735e+08
1.180153671243914813e+08
1.157322023953529149e+08
1.131104936398215890e+08
1.104887848842902780e+08
1.085574344168367684e+08
1.068520474242358953e+08
1.051466604316350371e+08
1.034412734390341640e+08
1.017358864464333057e+08
1.000304994538324475e+08
9.727658874702844024e+07
9.451525295206972957e+07
9.180209812718416750e+07
8.976674343150205910e+07
9.160732036503306031e+07
9.408834791632023454e+07
9.606412741131967306e+07
9.635705144576297700e+07
9.664997548020632565e+07
9.532460971174795926e+07
9.431400731310155988e+07
9.365681122837445140e+07
9.299961514364735782e+07
9.234241905892027915e+07
9.227188731045532227e+07
9.262245905801291764e+07
9.297303080557052791e+07
9.309196097982707620e+07
9.179099708738480508e+07
9.016192167406155169e+07
8.915484146441420913e+07
8.939097828373533487e+07
8.979360022144573927e+07
9.005770953274682164e+07
8.951616654614803195e+07
8.897462355954922736e+07
8.843308057295042276e+07
8.789153758635163307e+07
8.734999459975282848e+07
8.680845161315402389e+07
8.626690862655521929e+07
8.706396845642484725e+07
8.807173628870953619e+07
8.940631341322788596e+07
9.123973881098236144e+07
9.226366832973131537e+07
9.273768809288993478e+07
9.273768809288993478e+07
9.273768809288993478e+07
9.346223137087716162e+07
9.535163058461411297e+07
9.724102979835107923e+07
9.913042901208803058e+07
1.010198282258249819e+08
1.029092274395619482e+08
1.047986266532988995e+08
1.059465052416679412e+08
1.068557426784461141e+08
1.070607280417563021e+08
1.069460359597854912e+08
1.068313438778146952e+08
1.076440043326685131e+08
1.085307404214439839e+08
1.078179769359204620e+08
1.068378151589616686e+08
1.052039027966295630e+08
1.031324953543353528e+08
1.011445657450918406e+08
9.989570738078267872e+07
9.945708859042267501e+07
9.914249774555017054e+07
9.968170893710978329e+07
1.000555300484962612e+08
9.943289903700016439e+07
9.881026802550406754e+07
9.818763701400797069e+07
9.756500600251187384e+07
9.694237499101580679e+07
9.536671600853154063e+07
9.463916751780761778e+07
9.470095371362622082e+07
9.486726440667259693e+07
9.456520438404455781e+07
9.419695880720749497e+07
9.382871323037046194e+07
9.346046765353339911e+07
9.309222207669633627e+07
9.335921202477633953e+07
9.299369027536515892e+07
9.279277454135371745e+07
9.282799370224034786e+07
9.216683840395018458e+07
9.238684747773587704e+07
9.266874371919463575e+07
9.383291771728953719e+07
9.510455659097599983e+07
9.660371554164718091e+07
9.762764506039613485e+07
9.865157457914508879e+07
9.967550409789404273e+07
1.006994336166429967e+08
1.017233631353919506e+08
1.019696532880319655e+08
1.016491231982627511e+08
1.013285931084935516e+08
1.019001463657820374e+08
1.025530077474241555e+08
1.034113443515760154e+08
1.047011242451532185e+08
1.070297501745259613e+08
1.083481158705334365e+08
1.096664815665409267e+08
1.109848472625483572e+08
1.123079430967930853e+08
1.143880548111719936e+08
1.164045398551044911e+08
1.187793698002890646e+08
1.212342293494570702e+08
1.226342807427866161e+08
1.230922231401098669e+08
1.229373232756169140e+08
1.222997731926955879e+08
1.216980846703268737e+08
1.202048673883919865e+08
1.187116501064570993e+08
1.172184328245222121e+08
1.157252155425873250e+08
1.142319982606524378e+08
1.120211942423175722e+08
1.095202091280979961e+08
1.070192240138784200e+08
1.052437270743887573e+08
1.037229037371279746e+08
1.022536834880614430e+08
1.016845344461367577e+08
9.925989736043034494e+07
9.622300828723892570e+07
9.231207864663577080e+07
8.798935548727668822e+07
8.346167500246560574e+07
8.018344337968346477e+07
7.700262478446504474e+07
7.382180618924660981e+07
7.064098759402818978e+07
6.746016899880973995e+07
6.353572735143806040e+07
5.937474697926082462e+07
5.521376660708358884e+07
5.105278623490633816e+07
4.853744363391800970e+07
4.763574918691898882e+07
4.749550470757304132e+07
4.735526022822710872e+07
4.721501574888116121e+07
4.707477126953521371e+07
4.724650681311774999e+07
4.810788101320834458e+07
4.905525736119991541e+07
5.050000772913346440e+07
5.280479394842508435e+07
5.510958016771672666e+07
5.741436638700836897e+07
5.971915260629998893e+07
6.167749522430562973e+07
6.261337770025217533e+07
6.354926017619873583e+07
6.448514265214528143e+07
6.542102512809184939e+07
6.635690760403839499e+07
6.666961374891777337e+07
6.870229062901411951e+07
7.079545681714910269e+07
7.257092541609360278e+07
7.352259971142968535e+07
7.447427400676576793e+07
7.542594830210185051e+07
7.637762259743794799e+07
7.732929689277403057e+07
7.814816546144519746e+07
7.775538014826311171e+07
7.736259483508102596e+07
7.696980952189895511e+07
7.684057841428290308e+07
7.703228835784117877e+07
7.705998388212911785e+07
7.712463047761689126e+07
7.700173147720651329e+07
7.798436353066083789e+07
7.912244361624503136e+07
8.026052370182923973e+07
8.139860378741340339e+07
8.214633058084851503e+07
8.205631035343725979e+07
8.216823310785995424e+07
8.236586131629161537e+07
8.256348952472329140e+07
8.276111773315496743e+07
8.207909876514190435e+07
8.075906495495381951e+07
7.827124284385797381e+07
7.645493327852478623e+07
7.472749572020903230e+07
7.238244077188414335e+07
6.971083828925919533e+07
6.603090187305590510e+07
6.229065683681540191e+07
6.013868417180456221e+07
5.885637274314254522e+07
5.850984434238074720e+07
5.816331594161895663e+07
5.781678754085715860e+07
5.747025914009536058e+07
5.803757525229973346e+07
5.864272114687402546e+07
5.924786704144831747e+07
6.001838434205123782e+07
6.174184239619500190e+07
6.374457308281616122e+07
6.529388390169965476e+07
6.684319472058314830e+07
6.839250553946664929e+07
6.994181635835012794e+07
7.174486466044908762e+07
7.423834040364179015e+07
7.673181614683449268e+07
7.966659663502439857e+07
8.325556485846167803e+07
8.679859144683676958e+07
9.024374148536556959e+07
9.305372571747416258e+07
9.494956493711942434e+07
9.629381414027017355e+07
9.811367627341207862e+07
1.000095154930573702e+08
1.025292086928121746e+08
1.055189666482285857e+08
1.076769172766143382e+08
1.096363594042351246e+08
1.115958015318559110e+08
1.127009840450194478e+08
1.137087518773041368e+08
1.147165197095888257e+08
1.165027948236056566e+08
1.184265703982159495e+08
1.203503459728262722e+08
1.222741215474365652e+08
1.241978971220468879e+08
1.261216726966571808e+08
1.278454837356857061e+08
1.287614914780113101e+08
1.296774992203369141e+08
1.305935069626625478e+08
1.315095147049881518e+08
1.324255224473137558e+08
1.333415301896393895e+08
1.335876700000000298e+08
1.335876700000000298e+08
1.326622159567744732e+08
1.306225585522207022e+08
1.286555350790026486e+08
1.267596958593573570e+08
1.248638566397120953e+08
1.229680174200668037e+08
1.210721782004214823e+08
1.191763389807761908e+08
1.172804997611309290e+08
1.157582654765246809e+08
1.143985651828457415e+08
1.119773446630659103e+08
1.095561241432860792e+08
1.071228835989972651e+08
1.054459231652173400e+08
1.039403800881239772e+08
1.021442323372410387e+08
9.876726091854152083e+07
9.521892246365852654e+07
9.173222008286915720e+07
8.824551770207978785e+07
8.475881532129040360e+07
8.127211294050100446e+07
7.869776248712737858e+07
7.543340386147595942e+07
7.189616343334898353e+07
6.835892300522199273e+07
6.493105117280934006e+07
6.237397252164115757e+07
5.981689387047297508e+07
5.766301049285306036e+07
5.737172118809674680e+07
5.837957621587137133e+07
6.036073551956740022e+07
6.168948988490153849e+07
6.275464144627196342e+07
6.376824195187930018e+07
6.386000204183838516e+07
6.395176213179745525e+07
6.404352222175654024e+07
6.413528231171561033e+07
6.422704240167469531e+07
6.431880249163376540e+07
6.441056258159285039e+07
6.450232267155192047e+07
6.419477989605639130e+07
6.327877215373078734e+07
6.290652999999990314e+07
6.297528576815795898e+07
6.440169922991368920e+07
6.546796516305613518e+07
6.639338016296581924e+07
6.731582791119977832e+07
6.823827565943372250e+07
6.916072340766766667e+07
7.008317115590161085e+07
7.100561890413556993e+07
7.192806665236951411e+07
7.285051440060345829e+07
7.377296214883740246e+07
7.469540989707134664e+07
7.561785764530529082e+07
7.572165492386738956e+07
7.588736881391961873e+07
7.686753059087841213e+07
7.784769236783722043e+07
7.882785414479602873e+07
7.980801592175483704e+07
8.078817769871364534e+07
8.176833947567243874e+07
8.274850125263124704e+07
8.372866302959005535e+07
8.478714078737425804e+07
8.530691643326847255e+07
8.498957544057615101e+07
8.475791466622856259e+07
8.453952608421911299e+07
8.368584381086665392e+07
8.248729345189839602e+07
8.128874309293015301e+07
8.009019273396191001e+07
7.889164237499366701e+07
7.769309201602542400e+07
7.649454165705716610e+07
7.529599129808892310e+07
7.412951519027045369e+07
7.428936906960162520e+07
7.366673805810552835e+07
7.398629524553367496e+07
7.437143206632226706e+07
7.584810834865188599e+07
7.645325424322617054e+07
7.607911460260765254e+07
7.490696343208114803e+07
7.355855607828527689e+07
7.221014872448942065e+07
7.086174137069356441e+07
6.951333401689770818e+07
6.826347518644870818e+07
6.749482890385396779e+07
6.608577354981021583e+07
6.473736619601435959e+07
6.338895884221851081e+07
6.204055148842264712e+07
6.119367307187107205e+07
6.080668927804175764e+07
6.138260862551390380e+07
6.281454159430001676e+07
6.281454159430001676e+07
6.281454159430001676e+07
6.281454159430001676e+07
6.281454159430001676e+07
6.281454159430001676e+07
6.219687999999991059e+07
6.219687999999991059e+07
6.219687999999991059e+07
6.219687999999991059e+07
6.219687999999991059e+07
6.308898930398268998e+07
6.495107124666263908e+07
6.672173273665543646e+07
6.770189451361425221e+07
6.934936041375902295e+07
7.149369618881273270e+07
7.434231348378510773e+07
7.740265700116443634e+07
8.046300051854375005e+07
8.352334403592307866e+07
8.658368755330237746e+07
8.964403107068170607e+07
9.270437458806101978e+07
9.532485478543806076e+07
9.678343214571948349e+07
9.641424802411201596e+07
9.664653817294377089e+07
9.717740909448078275e+07
9.770828001601780951e+07
9.678363894798451662e+07
9.530300964695134759e+07
9.325635985136742890e+07
9.075537473714786768e+07
8.825438962292829156e+07
8.575340450870871544e+07
8.371653518521623313e+07
8.231104255124121904e+07
8.085661360788917542e+07
7.930730278900568187e+07
7.775799197012218833e+07
7.652281470257718861e+07
7.534526586755093932e+07
7.394121372428940237e+07
7.234725373731893301e+07
7.081379265296724439e+07
7.076914348488025367e+07
7.140373356501886249e+07
7.290839521581536531e+07
7.441305686661188304e+07
7.504364253153616190e+07
7.559662988699658215e+07
7.614961724245700240e+07
7.670260459791743755e+07
7.725559195337784290e+07
7.780857930883827806e+07
7.752433398829060793e+07
7.823128872922059894e+07
7.978059954810409248e+07
8.132991036698758602e+07
8.287922118587107956e+07
8.442853200475455821e+07
8.623316606578575075e+07
8.773312470426650345e+07
8.862407003225730360e+07
8.897631634468385577e+07
8.935394379444557428e+07
8.964943432615159452e+07
8.847775095702980459e+07
8.730606758790802956e+07
8.613438421878623962e+07
8.496270084966446459e+07
8.379101748054268956e+07
8.261933411142092943e+07
8.144765074229913950e+07
8.027596737317736447e+07
7.873934408790388703e+07
7.694522888020527363e+07
7.486504713978475332e+07
7.278486539936424792e+07
7.059973002014912665e+07
6.747688336341576278e+07
6.501156480220665038e+07
6.254624624099755287e+07
6.008092767978844047e+07
5.761560911857933551e+07
5.577124245567139238e+07
5.440141637470685691e+07
5.296206426355370879e+07
5.144841999768067896e+07
5.045607759164421260e+07
5.011887934749974310e+07
5.112976140699852258e+07
5.253621617915887386e+07
5.394267095131923258e+07
5.534912572347958386e+07
5.675558049563993514e+07
5.816203526780028641e+07
5.956849003996063769e+07
6.091629673482235521e+07
6.137107721164662391e+07
6.182585768847090006e+07
6.191799573196950555e+07
6.297792210336805880e+07
6.403784847476661205e+07
6.509777484616516531e+07
6.458264969489111006e+07
6.254299229033733159e+07
6.053524798464531451e+07
5.863940876500003040e+07
5.674356954535473883e+07
5.484773032570944726e+07
5.295189110606416315e+07
5.105605188641887903e+07
4.916021266677358001e+07
4.730136155070497841e+07
4.679176805526638031e+07
4.678425868423949927e+07
4.677674931321260333e+07
4.676923994218574464e+07
4.688442523844085634e+07
4.680466064400111139e+07
4.672489604956136644e+07
4.664513145512161404e+07
4.656536686068186164e+07
4.648560226624211669e+07
4.640583767180236429e+07
4.632607307736261189e+07
4.624630848292286694e+07
4.702542113393029571e+07
4.756096761814783514e+07
4.808634891828237474e+07
4.861173021841691434e+07
4.913711151855143905e+07
4.966249281868599355e+07
5.120405215874804556e+07
5.275336297763153911e+07
5.430267379651503265e+07
5.585198461539852619e+07
5.740129543428201973e+07
5.895060625316549838e+07
6.049991707204899192e+07
6.204922789093248546e+07
6.359853870981597900e+07
6.514784952869947255e+07
6.669716034758296609e+07
6.824647116646645963e+07
7.037040840265281498e+07
7.294364874028526247e+07
7.551688907791770995e+07
7.809012941555015743e+07
7.978285449229851365e+07
8.116728948693519831e+07
8.310722674800977111e+07
8.562013301052492857e+07
8.872424426969438791e+07
9.182835552886384726e+07
9.493246678803332150e+07
9.803003977530138195e+07
1.001899861101616472e+08
1.023499324450219125e+08
1.045098787798821777e+08
1.057177559162052572e+08
1.068537727323165685e+08
1.079897895484278649e+08
1.088739402384186089e+08
1.090939493122043014e+08
1.093139583859899938e+08
1.095339674597756863e+08
1.097539765335613787e+08
1.099739856073470712e+08
1.084122046935181022e+08
1.064171861625555307e+08
1.048678753436720371e+08
1.033185645247885436e+08
1.017692537059050500e+08
1.002199428870215565e+08
9.867063206813806295e+07
9.712132124925458431e+07
9.480734524922826886e+07
9.192185007797639072e+07
8.766374354628831148e+07
8.302365157395133376e+07
7.846248162707538903e+07
7.447999100866040587e+07
6.991882106178447604e+07
6.535765111490852386e+07
6.173480774239765108e+07
5.815379957248051465e+07
5.457279140256337076e+07
5.099178323264624178e+07
4.741077506272911280e+07
4.382976689281196892e+07
4.159778820052067935e+07
4.092041007927875966e+07
4.116639011849658191e+07
4.214655189545539021e+07
4.282761996284688264e+07
4.463622002993662655e+07
4.643535331717599928e+07
4.804881817069268227e+07
4.726022368467298150e+07
4.634421594234737754e+07
4.542820820002175868e+07
4.451220045769614726e+07
4.359619271537053585e+07
4.268018497304491699e+07
4.176417723071930557e+07
4.084816948839369416e+07
3.993216174606807530e+07
3.901615400374246389e+07
3.810014626141685247e+07
3.780583847792699933e+07
3.737400641032289714e+07
3.591535633583028615e+07
3.377102056077658385e+07
3.162668478572287410e+07
2.948234901066917181e+07
2.733801323561546579e+07
2.557098860287947208e+07
2.321299864568988234e+07
2.043535979407829791e+07
1.765772094246671721e+07
1.634731799404002354e+07
1.511898996131193079e+07
1.389066192858383991e+07
1.266233389585575089e+07
1.211038698170065321e+07
1.288615024468033202e+07
1.366191350766000897e+07
1.462949347660148889e+07
1.699007324769570678e+07
1.969493371016393602e+07
2.172663106119757891e+07
2.469358795628262684e+07
2.766945023162547499e+07
3.074380209953591228e+07
3.469982615183756500e+07
3.865585020413922518e+07
4.261187425644088537e+07
4.656789830874253064e+07
5.052392236104418337e+07
5.387608945856608450e+07
5.680818399211879075e+07
5.974027852567148954e+07
6.185804929664946347e+07
6.378237599791745842e+07
6.522368913911455870e+07
6.620385091607336700e+07
6.724711371886752546e+07
6.965996184471890330e+07
7.120927266360239685e+07
7.275858348248589039e+07
7.430789430136938393e+07
7.545361075443749130e+07
7.608691383099536598e+07
7.672021690755324066e+07
7.653121142428858578e+07
7.618435272388766706e+07
7.523679280236262083e+07
7.379394526642495394e+07
7.243931873373933136e+07
7.108469220105370879e+07
6.973006566836810112e+07
6.837543913568249345e+07
6.702081260299687088e+07
6.566618607031124830e+07
6.460651455367384851e+07
6.416789576331384480e+07
6.372927697295384854e+07
6.329065818259384483e+07
6.360774378820744157e+07
6.259997595592275262e+07
6.177109000000005960e+07
6.177109000000005960e+07
6.177109000000005960e+07
6.177109000000005960e+07
6.177109000000005960e+07
6.177109000000005960e+07
6.177109000000005960e+07
6.177109000000005960e+07
6.177109000000005960e+07
6.177109000000005960e+07
6.177109000000005960e+07
6.177109000000005960e+07
6.177109000000005960e+07
6.230249880282706022e+07
6.340468310815493762e+07
6.441245094043962657e+07
6.510934247284314036e+07
6.573197348433923721e+07
6.635460449583533406e+07
6.697723550733141601e+07
6.759986651882751286e+07
6.822249753032359481e+07
6.884512854181967676e+07
6.946775955331577361e+07
7.009039056481185555e+07
7.071302157630795240e+07
7.133565258780403435e+07
7.184249867144408822e+07
7.145736185065548122e+07
7.107222502986688912e+07
7.190598661979611218e+07
7.398616836021660268e+07
7.606635010063710809e+07
7.801086726164442301e+07
7.892687500397004187e+07
7.984288274629566073e+07
8.075889048862126470e+07
8.167489823094688356e+07
8.305947690039059520e+07
8.552479546159969270e+07
8.799011402280880511e+07
9.045543258401791751e+07
9.292075114522701502e+07
9.367951943886837363e+07
9.420490073900291324e+07
9.399346872062934935e+07
9.343503103595936298e+07
9.295264450380921364e+07
9.247025797165904939e+07
9.258381877274462581e+07
9.312536175934343040e+07
9.366690474594223499e+07
9.381725216309207678e+07
9.280948433080738783e+07
9.180171649852269888e+07
9.079394866623798013e+07
8.978618083395329118e+07
8.909777502478310466e+07
8.911393671124736965e+07
8.943292252072541416e+07
9.045685203947436810e+07
9.148078155822332203e+07
9.250471107697227597e+07
9.292255418857286870e+07
9.180891959475691617e+07
9.064474559666202962e+07
8.948057159856712818e+07
8.831639760047224164e+07
8.715222360237735510e+07
8.598804960428246856e+07
8.482387560618756711e+07
8.351923750574399531e+07
8.143905576532348990e+07
7.815470149945369363e+07
7.452520894014969468e+07
7.082888035224162042e+07
6.617545827418868989e+07
6.152203619613573700e+07
5.686861411808278412e+07
5.221519204002983123e+07
4.816746433673841506e+07
4.467821625678034872e+07
4.118896817682229728e+07
3.785713539262990654e+07
3.556388606334826350e+07
3.415481972381071001e+07
3.274575338427315280e+07
3.133668704473559931e+07
2.992762070519804582e+07
2.851855436566048861e+07
2.755376683596130461e+07
2.716863001517270133e+07
2.678349319438410178e+07
2.655339792461563274e+07
2.727498134679459408e+07
2.915253814584057033e+07
3.132447997622014955e+07
3.349642180659972876e+07
3.662603162721402198e+07
4.052906250186850876e+07
4.415961998121108115e+07
4.588293689325803518e+07
4.697046931998246908e+07
4.805800174670691043e+07
4.914553417343135178e+07
5.023306660015578568e+07
5.132059902688022703e+07
5.240813145360466838e+07
5.271482718769187480e+07
5.279459178213161975e+07
5.287435637657137215e+07
5.295412097101112455e+07
5.214587967644130439e+07
5.121358513185058534e+07
5.034121366151316464e+07
5.034121366151316464e+07
5.034121366151316464e+07
5.034121366151316464e+07
5.015039445007269084e+07
4.851147175409933925e+07
4.542469972803498805e+07
4.318569105889827013e+07
4.099758754205442220e+07
3.880948402521058172e+07
3.662138050836673379e+07
3.443327699152289331e+07
3.224517347467904910e+07
3.005706995783520117e+07
2.786896644099136069e+07
2.568086292414751649e+07
2.349275940730367601e+07
2.130465589045982808e+07
1.911655237361598387e+07
1.692844885677213594e+07
1.559253681904105656e+07
1.461878999999982119e+07
1.461878999999982119e+07
1.461878999999982119e+07
1.461878999999982119e+07
1.461878999999982119e+07
1.461878999999982119e+07
1.461878999999982119e+07
1.461878999999982119e+07
1.461878999999982119e+07
1.461878999999982119e+07
1.461878999999982119e+07
1.461878999999982119e+07
1.461878999999982119e+07
1.579762053618718870e+07
1.734693135507068411e+07
2.010600040868935734e+07
2.351548389420766756e+07
2.692496737972597778e+07
3.033445086524428800e+07
3.374393435076259822e+07
3.715341783628090471e+07
4.056290132179921120e+07
4.397238480731752515e+07
4.738186829283583909e+07
5.079135177835415304e+07
5.420083526387245953e+07
5.761031874939077348e+07
6.101980223490907997e+07
6.378041281943984330e+07
6.532972363832333684e+07
6.687903445720683038e+07
6.842834527609032393e+07
7.073498413648065925e+07
7.344846895345905423e+07
7.616195377043743432e+07
7.767497003579153121e+07
7.883914403388643265e+07
8.000331803198131919e+07
8.116749203007620573e+07
8.233166602817110717e+07
8.349584002626599371e+07
8.466001402436088026e+07
8.582418802245576680e+07
8.675279085493171215e+07
8.697279992871738970e+07
8.719280900250308216e+07
8.741281807628875971e+07
8.667856337634141743e+07
8.583419581932789087e+07
8.428950105170884728e+07
8.233756829511496425e+07
8.038563553852105141e+07
7.843370278192715347e+07
7.703622366555331647e+07
7.618441476384525001e+07
7.463446514634351432e+07
7.277429247970870137e+07
7.164160991902156174e+07
7.072560217669594288e+07
6.980959443437033892e+07
6.889358669204472005e+07
6.847841117395251989e+07
6.857017126391160488e+07
6.866193135387067497e+07
6.875369144382975996e+07
6.884545153378883004e+07
6.893721162374791503e+07
6.889220239889994264e+07
6.847333999999970198e+07
6.903337762564046681e+07
7.012584180130070448e+07
7.198601446793551743e+07
7.384618713457033038e+07
7.570635980120515823e+07
7.654595718588899076e+07
7.724195585442891717e+07
7.793795452296884358e+07
7.863395319150876999e+07
7.932995186004869640e+07
8.002595052858862281e+07
7.963266837971982360e+07
7.927636235889276862e+07
7.851319491927438974e+07
7.728541801320402324e+07
7.538926573347030580e+07
7.321732390309073031e+07
7.104538207271113992e+07
6.887344024233156443e+07
6.670149841195198148e+07
6.452955658157239109e+07
6.235761475119280815e+07
6.120585617037738860e+07
6.019808833809269965e+07
5.919032050580800325e+07
5.880633000000019372e+07
5.880633000000019372e+07
5.880633000000019372e+07
5.880633000000019372e+07
5.880633000000019372e+07
5.880633000000019372e+07
5.880633000000019372e+07
5.975087035805043578e+07
6.056335326867553592e+07
6.146223530402915925e+07
6.160402771935677528e+07
6.166763062733226269e+07
6.173123353530774266e+07
6.179483644328323007e+07
6.185843935125871748e+07
6.192204225923420489e+07
6.198564516720968485e+07
6.191176409190554917e+07
6.105935925755542517e+07
6.020695442320529372e+07
5.935454958885516226e+07
5.850214475450504571e+07
5.849334994795343280e+07
5.830406370888206363e+07
5.644390764089304209e+07
5.436372590047253668e+07
5.231717633578973264e+07
5.140116859346411377e+07
5.048516085113850236e+07
4.914569772649423778e+07
4.715181437471351773e+07
4.613893031072523445e+07
4.513116247844054550e+07
4.412339464615585655e+07
4.311562681387116015e+07
4.210785898158647120e+07
4.110009114930178225e+07
4.009232331701708585e+07
3.908455548473239690e+07
3.807678765244770795e+07
3.706901982016301155e+07
3.606125198787832260e+07
3.505348415559363365e+07
3.462462177234742790e+07
3.462462177234742790e+07
3.462462177234742790e+07
3.462462177234742790e+07
3.462462177234742790e+07
3.462462177234742790e+07
3.462462177234742790e+07
3.462462177234742790e+07
3.462462177234742790e+07
3.462462177234742790e+07
3.462462177234742790e+07
3.462462177234742790e+07
3.462462177234742790e+07
3.406319999999991804e+07
3.486273501258705556e+07
3.578998599145250767e+07
3.634901409497310221e+07
3.690804219849370420e+07
3.746707030201431364e+07
3.802609840553491563e+07
3.858512650905551016e+07
3.914415461257611215e+07
3.970318271609672159e+07
4.026221081961732358e+07
4.082123892313792557e+07
4.138026702665853500e+07
4.193929513017912954e+07
4.215103420509307086e+07
4.176589738430447876e+07
4.138076056351587176e+07
4.099562374272726476e+07
4.061048692193867266e+07
4.006637156569047272e+07
3.851706074680697918e+07
3.696774992792348564e+07
3.541843910903999209e+07
3.386912829015649855e+07
3.251774000000010058e+07
3.251774000000010058e+07
3.251774000000010058e+07
3.251774000000010058e+07
3.251774000000010058e+07
3.251774000000010058e+07
3.251774000000010058e+07
3.251774000000010058e+07
3.251774000000010058e+07
3.251774000000010058e+07
3.251774000000010058e+07
3.251774000000010058e+07
3.264024089655050635e+07
3.355624863887611777e+07
3.447225638120172918e+07
3.538826412352734804e+07
3.630427186585295945e+07
3.722027960817857087e+07
3.768850009073570371e+07
3.744033383496642113e+07
3.719216757919713855e+07
3.694400132342787087e+07
3.669583506765858829e+07
3.644766881188930571e+07
3.619950255612003803e+07
3.593747475356751680e+07
3.477330075547263026e+07
3.360912675737772882e+07
3.345255049018090218e+07
3.383768731096950173e+07
3.422282413175810874e+07
3.460796095254670084e+07
3.538274409818370640e+07
3.693205491706719995e+07
3.848136573595069349e+07
4.047807178221585602e+07
4.319155659919424355e+07
4.590504141617262363e+07
4.861852623315100372e+07
5.133201105012938380e+07
5.404549586710776389e+07
5.675898068408614397e+07
5.947246550106453896e+07
6.218595031804291904e+07
6.489943513502129912e+07
6.761291995199967921e+07
7.032640476897805929e+07
7.303988958595645428e+07
7.575337440293483436e+07
7.807760492745162547e+07
7.859768000000016391e+07
7.859768000000016391e+07
7.859768000000016391e+07
7.859768000000016391e+07
7.859768000000016391e+07
7.859768000000016391e+07
7.856699079658424854e+07
7.701767997770075500e+07
7.546836915881726146e+07
7.391905833993376791e+07
7.236974752105027437e+07
7.082043670216678083e+07
6.927112588328328729e+07
6.772181506439979374e+07
6.617250424551630020e+07
6.408599105579847097e+07
6.159251531260577589e+07
5.909903956941308081e+07
5.660556382622038573e+07
5.411208808302769065e+07
5.161861233983498812e+07
4.932125303646109253e+07
4.777194221757759899e+07
4.622263139869410545e+07
4.467332057981061190e+07
4.210722197658246011e+07
3.939373715960408002e+07
3.668025234262569249e+07
3.410405113135400414e+07
3.388404205756831169e+07
3.366403298378262669e+07
3.344402390999694169e+07
3.322401483621125668e+07
3.300400576242557168e+07
3.426699343118862808e+07
3.490825979613891244e+07
3.529339661692751199e+07
3.567853343771611154e+07
3.606367025850471854e+07
3.644880707929331064e+07
3.683394390008191764e+07
3.721908072087052464e+07
3.862061329361696541e+07
4.016992411250044405e+07
4.171923493138393760e+07
4.326854575026743114e+07
4.481785656915092468e+07
4.636716738803441823e+07
4.726409012620560080e+07
4.786923602077989280e+07
4.918790495575113595e+07
4.979305085032542050e+07
5.039819674489971250e+07
5.100334263947399706e+07
5.160848853404828906e+07
5.221363442862257361e+07
5.131414556521119922e+07
5.036998064090199769e+07
4.942581571659278870e+07
4.848165079228358716e+07
4.753748586797438562e+07
4.679346304039700329e+07
4.679346304039700329e+07
4.679346304039700329e+07
4.679346304039700329e+07
4.657222889448279142e+07
4.502291807559929788e+07
4.276008421631886065e+07
4.121077339743537456e+07
3.966146257855188102e+07
3.811215175966838747e+07
3.689412868876598030e+07
3.628898279419169575e+07
3.568383689961741120e+07
3.507869100504312664e+07
3.447354511046883464e+07
3.386839921589454263e+07
3.326325332132025436e+07
3.265810742674596608e+07
3.205296153217168152e+07
3.144781563759738952e+07
3.084266974302310497e+07
3.023752384844881669e+07
2.963237795387452841e+07
2.902723205930024385e+07
2.759887947641614079e+07
2.604956865753264725e+07
2.474313000000027567e+07
2.474313000000027567e+07
2.474313000000027567e+07
2.474313000000027567e+07
2.465877076444517821e+07
2.371460584013597667e+07
2.277044091582677513e+07
2.182627599151756614e+07
2.088211106720836461e+07
1.993794614289915934e+07
1.899378121858995408e+07
1.804961629428075254e+07
1.710545136997154355e+07
1.715903190189624205e+07
1.737904097568193078e+07
1.715328232985618711e+07
1.645728366131625697e+07
1.576128499277633242e+07
1.564156450012022257e+07
1.588973075588949956e+07
1.613789701165877655e+07
1.638606326742805168e+07
1.663422952319733053e+07
1.688239577896660566e+07
1.713056203473588452e+07
1.737872829050515965e+07
1.762689454627443478e+07
1.883117655655316263e+07
2.096578200105020404e+07
2.367926681802858412e+07
2.539539821115989238e+07
2.694470903004338220e+07
2.849401984892687201e+07
3.004333066781036556e+07
3.159264148669385910e+07
3.314195230557735264e+07
3.469126312446084619e+07
3.624057394334433973e+07
3.778988476222782582e+07
3.933919558111131936e+07
4.088850639999481291e+07
4.243781721887829900e+07
4.398712803776179254e+07
4.553643885664528608e+07
4.708574967552877963e+07
4.863506049441227317e+07
5.018437131329576671e+07
5.173368213217926025e+07
5.328299295106275380e+07
5.385454999999988079e+07
5.385454999999988079e+07
5.385454999999988079e+07
5.385454999999988079e+07
5.385454999999988079e+07
5.385454999999988079e+07
5.385454999999988079e+07
5.385454999999988079e+07
5.385454999999988079e+07
5.385454999999988079e+07
5.385454999999988079e+07
5.385454999999988079e+07
5.385454999999988079e+07
5.385454999999988079e+07
5.385454999999988079e+07
5.387581196277831495e+07
5.479181970510393381e+07
5.570782744742953777e+07
5.662383518975515664e+07
5.753984293208076805e+07
5.845585067440637946e+07
5.937185841673199832e+07
6.028786615905760974e+07
6.120387390138322115e+07
6.211988164370884001e+07
6.303588938603445143e+07
6.395189712836006284e+07
6.486790487068568170e+07
6.578391261301129311e+07
6.587129000000002235e+07
6.587129000000002235e+07
6.587129000000002235e+07
6.587129000000002235e+07
6.587129000000002235e+07
6.587129000000002235e+07
6.587129000000002235e+07
6.587129000000002235e+07
6.587129000000002235e+07
6.587129000000002235e+07
6.587129000000002235e+07
6.587129000000002235e+07
6.587129000000002235e+07
6.587129000000002235e+07
6.587129000000002235e+07
6.551160341366773844e+07
6.459559567134211957e+07
6.367958792901650071e+07
6.276358018669088930e+07
6.184757244436527789e+07
6.093156470203966647e+07
6.001555695971405506e+07
5.909954921738843620e+07
5.818354147506282479e+07
5.726753373273721337e+07
5.635152599041159451e+07
5.543551824808598310e+07
5.451951050576037169e+07
5.385454999999988079e+07
5.385454999999988079e+07
5.385454999999988079e+07
5.385454999999988079e+07
5.385454999999988079e+07
5.385454999999988079e+07
5.385454999999988079e+07
5.385454999999988079e+07
5.385454999999988079e+07
5.332890437793181837e+07
5.177959355904831737e+07
5.023028274016483128e+07
4.868097192128133774e+07
4.713166110239784420e+07
4.588468507561685145e+07
4.525138199905897677e+07
4.613333640674976259e+07
4.704934414907537401e+07
4.796535189140098542e+07
4.888135963372660428e+07
4.979736737605220824e+07
5.071337511837782711e+07
5.162938286070343852e+07
5.254539060302905738e+07
5.346139834535466135e+07
5.437740608768028021e+07
5.529341383000589907e+07
5.601572612999616563e+07
5.601572612999616563e+07
5.601572612999617308e+07
5.601572612999616563e+07
5.656300976750114560e+07
5.811232058638463914e+07
5.966163140526813269e+07
6.121094222415162623e+07
6.276025304303511977e+07
6.430956386191861331e+07
6.585887468080209941e+07
6.587129000000002235e+07
6.587129000000002235e+07
6.587129000000002235e+07
6.587129000000002235e+07
6.515663241413201392e+07
6.360732159524852782e+07
6.205801077636503428e+07
6.050869995748154074e+07
5.824262735861754417e+07
5.461313479931354523e+07
5.098364224000954628e+07
4.735414968070554733e+07
4.372465712140154839e+07
4.009516456209755689e+07
3.646567200279355794e+07
3.283617944348955899e+07
2.920668688418556750e+07
2.557719432488156855e+07
2.194770176557757333e+07
1.831820920627357811e+07
1.468871664696957916e+07
1.142292828141584620e+07
8.709443464437464252e+06
5.995958647459080443e+06
3.282473830480698496e+06
8.130152175785782747e+05
0.000000000000000000e+00
1.877536450003136997e+05
1.737064463883805787e+06
3.286375282767298166e+06
4.835686101650790311e+06
6.384996920534282923e+06
7.934307739417775534e+06
9.483618558301266283e+06
1.103292937718475983e+07
1.258224019606825151e+07
1.413155101495174319e+07
1.568086183383523673e+07
1.723017265271873027e+07
1.877948347160222009e+07
2.032879429048571363e+07
2.187810510936920717e+07
2.342741592825269699e+07
2.497672674713618681e+07
2.652603756601968408e+07
2.807534838490317389e+07
2.962465920378666371e+07
3.117397002267016098e+07
3.139140937514568493e+07
3.118201771470845863e+07
2.963270689582496881e+07
2.808339607694147900e+07
2.653408525805798918e+07
2.498477443917449191e+07
2.343546362029100209e+07
2.188615280140750855e+07
2.033684198252401873e+07
1.969436289052392542e+07
1.993013852553581446e+07
2.046100944707283005e+07
2.099188036860983819e+07
2.152275129014685005e+07
2.205362221168386564e+07
2.258449313322087377e+07
2.311536405475788563e+07
2.364623497629490495e+07
2.417710589783191308e+07
2.470797681936892122e+07
2.523884774090593308e+07
2.576971866244294867e+07
2.685590668870859593e+07
2.802008068680348620e+07
2.918425468489837646e+07
3.034842868299326301e+07
3.151260268108815700e+07
3.180809000000010431e+07
3.180809000000010431e+07
3.180809000000010431e+07
3.180809000000010431e+07
3.180809000000010431e+07
3.180809000000010431e+07
3.180809000000010431e+07
3.180809000000010431e+07
3.180809000000010431e+07
3.180809000000010431e+07
3.180809000000010431e+07
3.167307413259962946e+07
3.050890013450473547e+07
2.934472613640984893e+07
2.818055213831495494e+07
2.701637814022006840e+07
2.585220414212517440e+07
2.468803014403028786e+07
2.352385614593539760e+07
2.235968214784050733e+07
2.119550814974561334e+07
2.003133415165072680e+07
1.886716015355583653e+07
1.770298615546094626e+07
1.653881215736605413e+07
1.537463815927116387e+07
1.421046416117627360e+07
1.304629016308138333e+07
1.201674000000013970e+07
1.201674000000013970e+07
1.201674000000013970e+07
1.201674000000013970e+07
1.201674000000013970e+07
1.201674000000013970e+07
1.201674000000013970e+07
1.201674000000013970e+07
1.201674000000013970e+07
1.201674000000013970e+07
1.207886623503037728e+07
1.324304023312526755e+07
1.440721423122015782e+07
1.557138822931504808e+07
1.673556222740994021e+07
1.789973622550483048e+07
1.906391022359972075e+07
2.022808422169461101e+07
2.139225821978950128e+07
2.255643221788439155e+07
2.372060621597928181e+07
2.488478021407417208e+07
2.604895421216906235e+07
2.721312821026395261e+07
2.837730220835884660e+07
2.954147620645373315e+07
3.070565020454861969e+07
3.180809000000010431e+07
3.180809000000010431e+07
3.180809000000010431e+07
3.180809000000010431e+07
3.180809000000010431e+07
3.180809000000010431e+07
3.180809000000010431e+07
3.180809000000010431e+07
3.180809000000010431e+07
3.180809000000010431e+07
3.180809000000010431e+07
3.180809000000010431e+07
3.180809000000010431e+07
3.180809000000010431e+07
3.180809000000010431e+07
3.087757352438455075e+07
2.879739178396404535e+07
2.671721004354354739e+07
2.463702830312303454e+07
2.255684656270253658e+07
2.047666482228203118e+07
1.871789157357944176e+07
1.755371757548455521e+07
1.638954357738965936e+07
1.522536957929477096e+07
1.406119558119988069e+07
1.289702158310498856e+07
1.173284758501010016e+07
1.111235668845535815e+07
1.086419043268608116e+07
1.061602417691680416e+07
1.036785792114752717e+07
1.039749365729966573e+07
1.131350139962528087e+07
1.201674000000013970e+07
1.201674000000013970e+07
1.201674000000013970e+07
1.201674000000013970e+07
1.201674000000013970e+07
1.201674000000013970e+07
1.201674000000013970e+07
1.201674000000013970e+07
1.201674000000013970e+07
1.201674000000013970e+07
1.201674000000013970e+07
1.201674000000013970e+07
1.201674000000013970e+07
1.201674000000013970e+07
1.125266694311861694e+07
1.033665920079300180e+07
9.420651458467388526e+06
8.504643716141777113e+06
7.588635973816162907e+06
6.672628231490548700e+06
5.756620489164935425e+06
4.840612746839321218e+06
3.924605004513707478e+06
3.008597262188093737e+06
2.092589519862480229e+06
1.176581777536866721e+06
2.605740352112530090e+05
0.000000000000000000e+00
0.000000000000000000e+00
0.000000000000000000e+00
8.303944284990932792e+05
1.994568426593983779e+06
3.158742424688874278e+06
4.322916422783765011e+06
5.487090420878655277e+06
6.651264418973546475e+06
7.815438417068435811e+06
9.432161093970410526e+06
1.151234283439091407e+07
1.359252457481141761e+07
1.567270631523192301e+07
1.775288805565242469e+07
1.983306979607293010e+07
2.191325153649343550e+07
2.399343327691394091e+07
2.607361501733444259e+07
2.815379675775494426e+07
2.940397610206318274e+07
3.031998384438879788e+07
3.123599158671440929e+07
3.180809000000010431e+07
3.180809000000010431e+07
3.180809000000010431e+07
3.180809000000010431e+07
3.180809000000010431e+07
3.180809000000010431e+07
3.180809000000010431e+07
3.159510585421001166e+07
3.067909811188439652e+07
2.976309036955878139e+07
2.884708262723316997e+07
2.793107488490755484e+07
2.701506714258193970e+07
2.609905940025632828e+07
2.518305165793071315e+07
2.426704391560509801e+07
2.335103617327948660e+07
2.243502843095387146e+07
2.151902068862826005e+07
2.060301294630265981e+07
1.979134999999996275e+07
1.979134999999996275e+07
1.979134999999996275e+07
1.979134999999996275e+07
1.979134999999996275e+07
1.979134999999996275e+07
1.979134999999996275e+07
1.979134999999996275e+07
1.979134999999996275e+07
1.979134999999996275e+07
1.979134999999996275e+07
1.979134999999996275e+07
1.979134999999996275e+07
1.979134999999996275e+07
1.979134999999996275e+07
1.979134999999996275e+07
1.979134999999996275e+07
1.979134999999996275e+07
1.979134999999996275e+07
1.979134999999996275e+07
1.979134999999996275e+07
1.979134999999996275e+07
1.979134999999996275e+07
1.979134999999996275e+07
1.979134999999996275e+07
1.979134999999996275e+07
1.979134999999996275e+07
1.979134999999996275e+07
1.979134999999996275e+07
1.979134999999996275e+07
1.979134999999996275e+07
1.979134999999996275e+07
1.979134999999996275e+07
1.979134999999996275e+07
1.979134999999996275e+07
1.979134999999996275e+07
1.979134999999996275e+07
1.979134999999996275e+07
1.979134999999996275e+07
1.979134999999996275e+07
1.979134999999996275e+07
1.979134999999996275e+07
1.979134999999996275e+07
1.979134999999996275e+07
1.979134999999996275e+07
1.979134999999996275e+07
1.979134999999996275e+07
1.979134999999996275e+07
1.928441689961956441e+07
1.812024290152467415e+07
1.695606890342978761e+07
1.579189490533489361e+07
1.462772090724000521e+07
1.346354690914511308e+07
1.238574032234318368e+07
1.238574032234318554e+07
1.238574032234318554e+07
1.238574032234318554e+07
1.238574032234318554e+07
1.238574032234318368e+07
1.238574032234318554e+07
1.238574032234318554e+07
1.238574032234318368e+07
1.238574032234318554e+07
1.238574032234318368e+07
1.289228139033675566e+07
1.405645538843164779e+07
1.522062938652653806e+07
1.638480338462142833e+07
1.754897738271631673e+07
1.871315138081120700e+07
1.979134999999996275e+07
1.979134999999996275e+07
1.979134999999996275e+07
1.979134999999996275e+07
1.979134999999996275e+07
1.979134999999996275e+07
1.979134999999996275e+07
1.979134999999996275e+07
1.979134999999996275e+07
1.979134999999996275e+07
1.914239064452421293e+07
1.797821664642932266e+07
1.681404264833443239e+07
1.564986865023954213e+07
1.448569465214465186e+07
1.332152065404976346e+07
1.215734665595487133e+07
1.099317265785998106e+07
9.828998659765090793e+06
8.664824661670200527e+06
7.500650663575310260e+06
6.336476665480419062e+06
5.172302667385528795e+06
4.008128669290638063e+06
2.843954671195747796e+06
1.679780673100857297e+06
5.156066750059669139e+05
0.000000000000000000e+00
0.000000000000000000e+00
0.000000000000000000e+00
0.000000000000000000e+00
0.000000000000000000e+00
0.000000000000000000e+00
2.530363037707700860e+05
1.417210301865660585e+06
2.581384299960551318e+06
3.745558298055441584e+06
4.909732296150332317e+06
6.073906294245222583e+06
7.238080292340112850e+06
8.402254290435003117e+06
9.566428288529893383e+06
1.073060228662478365e+07
1.189477628471967578e+07
1.305895028281456605e+07
1.422312428090945445e+07
1.538729827900434658e+07
1.655147227709923498e+07
1.771564627519412711e+07
1.887982027328901738e+07
1.979134999999996275e+07
1.979134999999996275e+07
1.979134999999996275e+07
1.979134999999996275e+07
1.867860743057513610e+07
1.751443343248024210e+07
1.635025943438535184e+07
1.518608543629046157e+07
1.402191143819557130e+07
1.285773744010067917e+07
1.169356344200579077e+07
1.052938944391090050e+07
9.365215445816008374e+06
8.201041447721118107e+06
7.036867449626227841e+06
5.872693451531337574e+06
4.708519453436447307e+06
3.544345455341557041e+06
2.380171457246666774e+06
1.215997459151776275e+06
5.182346105688570242e+04
0.000000000000000000e+00
0.000000000000000000e+00
0.000000000000000000e+00
0.000000000000000000e+00
0.000000000000000000e+00
0.000000000000000000e+00
0.000000000000000000e+00
0.000000000000000000e+00
0.000000000000000000e+00
0.000000000000000000e+00
0.000000000000000000e+00
0.000000000000000000e+00
0.000000000000000000e+00
0.000000000000000000e+00
0.000000000000000000e+00
0.000000000000000000e+00
0.000000000000000000e+00
0.000000000000000000e+00
0.000000000000000000e+00
0.000000000000000000e+00
0.000000000000000000e+00
0.000000000000000000e+00
0.000000000000000000e+00
0.000000000000000000e+00
0.000000000000000000e+00
0.000000000000000000e+00
0.000000000000000000e+00
0.000000000000000000e+00
0.000000000000000000e+00
0.000000000000000000e+00
0.000000000000000000e+00
0.000000000000000000e+00
0.000000000000000000e+00
0.000000000000000000e+00
0.000000000000000000e+00
0.000000000000000000e+00
0.000000000000000000e+00
0.000000000000000000e+00
0.000000000000000000e+00
0.000000000000000000e+00
0.000000000000000000e+00
0.000000000000000000e+00
0.000000000000000000e+00
0.000000000000000000e+00
0.000000000000000000e+00
0.000000000000000000e+00
0.000000000000000000e+00
0.000000000000000000e+00
0.000000000000000000e+00
0.000000000000000000e+00
0.000000000000000000e+00
0.000000000000000000e+00
0.000000000000000000e+00
0.000000000000000000e+00
0.000000000000000000e+00
0.000000000000000000e+00
0.000000000000000000e+00
0.000000000000000000e+00
0.000000000000000000e+00
0.000000000000000000e+00
0.000000000000000000e+00
0.000000000000000000e+00
0.000000000000000000e+00
0.000000000000000000e+00
0.000000000000000000e+00
0.000000000000000000e+00
0.000000000000000000e+00
0.000000000000000000e+00
0.000000000000000000e+00
0.000000000000000000e+00
0.000000000000000000e+00
0.000000000000000000e+00
0.000000000000000000e+00
0.000000000000000000e+00
0.000000000000000000e+00
0.000000000000000000e+00
0.000000000000000000e+00
0.000000000000000000e+00
0.000000000000000000e+00
0.000000000000000000e+00
0.000000000000000000e+00
0.000000000000000000e+00
0.000000000000000000e+00
0.000000000000000000e+00
0.000000000000000000e+00
0.000000000000000000e+00
0.000000000000000000e+00
0.000000000000000000e+00
0.000000000000000000e+00
0.000000000000000000e+00
0.000000000000000000e+00
0.000000000000000000e+00
0.000000000000000000e+00
0.000000000000000000e+00
0.000000000000000000e+00
0.000000000000000000e+00
0.000000000000000000e+00
0.000000000000000000e+00
0.000000000000000000e+00
0.000000000000000000e+00
0.000000000000000000e+00
